epoch= 0, acc = 10.710000038146973
upload= 5891706765, download = 5891736900
epoch= 1, acc = 10.890000343322754
upload= 11783413530, download = 11783473800
